Exterieur 
E 90,0 1
E 153,0 2
E 171,21 3
E 173,39 4
E 161 77 5
E 164,94 6
E 186,115 7
E 190,126 8
E 185,163 9
E 164,206 10
E 138,228 11
E 66,229 12
E 21,203 13
E 0,162 14
E 0,119 15
E 15,96 16
E 47,96 17
E 75,102 18
E 104,130 19
E 110,130 20
E 110,124 21
E 81,97 22
E 40,84 23
E 23,39 24
E 30,17 25
E 70,0 26
E 90,0 27
Interieur 
I 90,25 28
I 138,25 29
I 147,35 30
I 147,43 31
I 133,75 32
I 140,112 33
I 161,128 34
I 164,138 35
I 159,158 36
I 142,191 37
I 130,198 38
I 70,199 39
I 45,186 40
I 25,153 41
I 25,131 42
I 34,121 43
I 48,122 44
I 71,130 45
I 99,160 46
I 138,159 47
I 138,116 48
I 104,77 49
I 61,61 50
I 54,41 51
I 60,30 52
I 75,25 53
I 90,25 54
Depart 
D 90,0 E
D 90,25 I
